Промежуточная итерация № 1
[45, 154, 78, 1, 125, 36, 4, 89]

Промежуточная итерация № 2
[45, 78, 154, 1, 125, 36, 4, 89]

Промежуточная итерация № 3
[45, 78, 1, 154, 125, 36, 4, 89]

Промежуточная итерация № 4
[45, 78, 1, 125, 154, 36, 4, 89]

Промежуточная итерация № 5
[45, 78, 1, 125, 36, 154, 4, 89]

Промежуточная итерация № 6
[45, 78, 1, 125, 36, 4, 154, 89]

Промежуточная итерация № 7
[45, 78, 1, 125, 36, 4, 89, 154]

Промежуточная итерация № 8
[45, 1, 78, 125, 36, 4, 89, 154]

Промежуточная итерация № 9
[45, 1, 78, 36, 125, 4, 89, 154]

Промежуточная итерация № 10
[45, 1, 78, 36, 4, 125, 89, 154]

Промежуточная итерация № 11
[45, 1, 78, 36, 4, 89, 125, 154]

Промежуточная итерация № 12
[1, 45, 78, 36, 4, 89, 125, 154]

Промежуточная итерация № 13
[1, 45, 36, 78, 4, 89, 125, 154]

Промежуточная итерация № 14
[1, 45, 36, 4, 78, 89, 125, 154]

Промежуточная итерация № 15
[1, 36, 45, 4, 78, 89, 125, 154]

Промежуточная итерация № 16
[1, 36, 4, 45, 78, 89, 125, 154]

Промежуточная итерация № 17
[1, 4, 36, 45, 78, 89, 125, 154]

